D=[1; 0; 0; 0; 0; 0; 0; 1; 1; 1; 1; 1];
C=[1,1,1,1,0,0,0,0,1,1,0,1; 0,0,0,0,0,0,0,0,0,0,0,0;
    1,0,1,0,0,0,0,0,0,1,0,0; 0,0,0,1,1,1,1,0,1,0,1,1;
    1,0,0,1,1,1,1,1,0,1,1,0; 0,1,0,1,1,1,1,1,1,0,0,1;
    1,0,0,0,1,1,1,0,0,1,1,1; 1,1,1,1,0,0,0,0,1,1,0,1;
    1,0,1,1,1,0,0,0,1,1,0,1; 1,1,1,1,0,0,0,0,1,1,0,1;
    1,0,1,1,1,0,0,0,1,1,0,1; 1,0,1,1,1,0,0,0,1,1,0,1];
Y=redu(1:12,13,[C D])