hos4=[78,1151];
hos3=[30,1237];
hos2=[239,1302];

point=[78,1209];

line([78 30 239 78],[1151 1237 1302 1151]);
text(78,1209,'o','color','r');
